MATE,1,BCR295,205000,79000,78.5,0.000012,295
MATE,2,SN400B,205000,79000,78.5,0.000012,235
MATE,3,FC24,25500,10600,24,0.00001,24
SECT,1,C1,1,4,350,350,19,19
SECT,2,G1,2,2,500,200,12,19
SECT,3,FG1,3,0,500,1200
NODE,1,0,0,0
NODE,2,0,0,3.8
NODE,3,5.5,0,0
NODE,4,5.5,0,3.8
NODE,5,0,9,0
NODE,6,0,9,3.8
NODE,7,5.5,9,0
NODE,8,5.5,9,3.8
NODE,9,0,0,7.3
NODE,10,5.5,0,7.3
NODE,11,0,9,7.3
NODE,12,5.5,9,7.3
ELEM,1, 1, 2,1,0
ELEM,2, 3, 4,1,0
ELEM,3, 5, 6,1,0
ELEM,4, 7, 8,1,0
ELEM,5, 2, 9,1,0
ELEM,6, 4, 10,1,0
ELEM,7, 6, 11,1,0
ELEM,8, 8, 12,1,0
ELEM,9, 2, 4,2,0
ELEM,10, 6, 8,2,0
ELEM,11, 9, 10,2,0
ELEM,12, 11, 12,2,0
ELEM,13, 2, 6,2,0
ELEM,14, 4, 8,2,0
ELEM,15, 9, 11,2,0
ELEM,16, 10, 12,2,0
ELEM,17, 1, 3,3,0
ELEM,18, 5, 7,3,0
ELEM,19, 1, 5,3,0
ELEM,20, 3, 7,3,0
CONS,1,1,1,1,1,1,1
CONS,3,1,1,1,1,1,1
CONS,5,1,1,1,1,1,1
CONS,7,1,1,1,1,1,1
ALOD,0,0,0,-10,17,20,18,19
ALOD,1,0,-2,0,17,2,9,1
GLOD,0,0,0,-9.80665
ALOD,0,0,0,-10,9,14,10,13
ALOD,1,0,-2,0,9,6,11,5
ALOD,0,0,0,-10,11,16,12,15
ALOD,1,0,-2,0,18,4,10,3
ALOD,1,0,-2,0,10,8,12,7
